%YAML:1.0
---
K: !!opencv-matrix
   rows: 3
   cols: 3
   dt: d
   data: [ 394.48378986735577, 0., 327.35693812618746, 0.,
       400.52741033474865, 188.64923612898824, 0., 0., 1. ]
D: !!opencv-matrix
   rows: 1
   cols: 5
   dt: d
   data: [ -0.35671413991382106, 3.4469251973386621,
       -0.042875378522939628, 0.01940041844447132, -6.2556673977344008 ]
